c1= 0.5792;
c2= 0.1584;